0
-1
-1
0
4
9
17
24
26
27
25
23
14
6
-5
-13
-24
-30
-33
-33
-32
-29
-21
-12
-2
7
17
24
26
27
25
23
14
6
-5
-13
-24
-30
-33
-33
-32
-29
-21
-12
-2
7
17
24
27
28
26
24
16
7
-4
-12
-23
-30
-33
-33
-32
-29
-21
-12
-2
7
17
24
27
28
26
24
15
6
-5
-13
-24
-30
-33
-33
-32
-29
-21
-12
-2
7
17
24
26
27
25
23
14
6
-4
-12
-22
-28
-31
-32
-32
-30
-23
-14
-4
6
15
23
25
26
24
23
14
6
-5
-13
-24
-30
-34
-34
-34
-31
-23
-13
-4
6
16
23
26
28
27
25
16
7
-3
-12
-22
-28
-31
-32
-32
-30
-22
-13
-3
7
17
24
26
27
25
23
15
7
-4
-12
-23
-30
-34
-34
-33
-30
-22
-12
-3
6
16
23
26
28
27
25
16
7
-4
-13
-23
-29
-32
-32
-31
-29
-21
-12
-2
7
16
23
25
26
25
24
16
8
-3
-12
-22
-29
-33
-33
-32
