0
-1
-1
1
8
20
35
49
56
59
55
48
32
16
-5
-23
-42
-55
-63
-65
-62
-54
-39
-22
-2
17
35
49
56
59
55
48
32
16
-5
-23
-42
-55
-63
-65
-62
-54
-39
-22
-2
17
35
49
57
60
56
49
34
17
-4
-22
-41
-55
-63
-65
-62
-54
-39
-22
-2
17
35
49
57
60
56
49
33
16
-5
-23
-42
-55
-63
-65
-62
-54
-39
-22
-2
17
35
49
56
59
55
48
32
16
-4
-22
-40
-53
-61
-64
-62
-55
-41
-24
-4
16
33
48
55
58
54
48
32
16
-5
-23
-42
-55
-64
-66
-64
-56
-41
-23
-4
16
34
48
56
60
57
50
34
17
-3
-22
-40
-53
-61
-64
-62
-55
-40
-23
-3
17
35
49
56
59
55
48
33
17
-4
-22
-41
-55
-64
-66
-63
-55
-40
-22
-3
16
34
48
56
60
57
50
34
17
-4
-23
-41
-54
-62
-64
-61
-54
-39
-22
-2
17
34
48
55
58
55
49
34
18
-3
-22
-40
-54
-63
-65
-62
