0
-32
-70
175
1159
2613
4607
6330
7539
7872
7518
6406
4626
2492
-38
-2376
-4688
-6338
-7548
-7881
-7527
-6415
-4635
-2502
28
2367
4679
6329
7539
7872
7518
6406
4626
2492
-38
-2376
-4688
-6338
-7548
-7881
-7527
-6415
-4635
-2502
28
2367
4679
6329
7540
7873
7519
6407
4628
2493
-37
-2375
-4687
-6338
-7548
-7881
-7527
-6415
-4635
-2502
28
2367
4679
6329
7540
7873
7519
6407
4627
2492
-38
-2376
-4688
-6338
-7548
-7881
-7527
-6415
-4635
-2502
28
2367
4679
6329
7539
7872
7518
6406
4626
2492
-37
-2375
-4686
-6336
-7546
-7880
-7527
-6416
-4637
-2504
26
2366
4677
6328
7538
7871
7517
6406
4626
2492
-38
-2376
-4688
-6338
-7549
-7882
-7529
-6417
-4637
-2503
26
2366
4678
6328
7539
7873
7520
6408
4628
2493
-36
-2375
-4686
-6336
-7546
-7880
-7527
-6416
-4636
-2503
27
2367
4679
6329
7539
7872
7518
6406
4627
2493
-37
-2375
-4687
-6338
-7549
-7882
-7528
-6416
-4636
-2502
27
2366
4678
6328
7539
7873
7520
6408
4628
2493
-37
-2376
-4687
-6337
-7547
-7880
-7526
-6415
-4635
-2502
28
2367
4678
6328
7538
7871
7518
6407
4628
2494
-36
-2375
-4686
-6337
-7548
-7881
-7527
