0
-16
-35
87
580
1309
2311
3178
3788
3957
3782
3224
2330
1258
-13
-1190
-2353
-3185
-3796
-3966
-3790
-3231
-2337
-1267
5
1182
2346
3178
3788
3957
3782
3224
2330
1258
-13
-1190
-2353
-3185
-3796
-3966
-3790
-3231
-2337
-1267
5
1182
2346
3178
3789
3958
3783
3225
2332
1259
-12
-1189
-2352
-3185
-3796
-3966
-3790
-3231
-2337
-1267
5
1182
2346
3178
3789
3958
3783
3225
2331
1258
-13
-1190
-2353
-3185
-3796
-3966
-3790
-3231
-2337
-1267
5
1182
2346
3178
3788
3957
3782
3224
2330
1258
-12
-1189
-2351
-3183
-3794
-3965
-3790
-3232
-2339
-1269
3
1181
2344
3177
3787
3956
3781
3224
2330
1258
-13
-1190
-2353
-3185
-3797
-3967
-3792
-3233
-2339
-1268
3
1181
2345
3177
3788
3958
3784
3226
2332
1259
-11
-1189
-2351
-3183
-3794
-3965
-3790
-3232
-2338
-1268
4
1182
2346
3178
3788
3957
3782
3224
2331
1259
-12
-1189
-2352
-3185
-3797
-3967
-3791
-3232
-2338
-1267
4
1181
2345
3177
3788
3958
3784
3226
2332
1259
-12
-1190
-2352
-3184
-3795
-3965
-3789
-3231
-2337
-1267
5
1182
2345
3177
3787
3956
3782
3225
2332
1260
-11
-1189
-2351
-3184
-3796
-3966
-3790
