0
-16
-35
88
581
1314
2320
3195
3811
3969
3811
3211
2355
1226
-1
-1227
-2356
-3212
-3812
-3970
-3812
-3212
-2356
-1227
-1
1226
2355
3211
3811
3969
3811
3211
2355
1226
0
-1227
-2356
-3212
-3812
-3970
-3812
-3212
-2356
-1227
-1
1226
2355
3211
3811
3969
3811
3211
2355
1226
-1
-1227
-2356
-3212
-3812
-3970
-3812
-3212
-2356
-1227
0
1226
2355
3211
3811
3969
3811
3211
2355
1226
0
-1227
-2356
-3212
-3812
-3970
-3812
-3212
-2356
-1227
0
1226
2355
3211
3811
3969
3811
3211
2355
1226
-1
-1227
-2356
-3212
-3812
-3970
-3812
-3212
-2356
-1227
-1
1226
2355
3211
3811
3969
3811
3211
2355
1226
0
-1227
-2356
-3212
-3812
-3970
-3812
-3212
-2356
-1227
0
1226
2355
3211
3811
3969
3811
3211
2355
1226
-1
-1227
-2356
-3212
-3812
-3970
-3812
-3212
-2356
-1227
-1
1226
2355
3211
3811
3969
3811
3211
2355
1226
0
-1227
-2356
-3212
-3812
-3970
-3812
-3212
-2356
-1227
0
1226
2355
3211
3811
3969
3811
3211
2355
1226
-1
-1227
-2356
-3212
-3812
-3970
-3812
-3212
-2356
-1227
0
1226
2355
3211
3811
3969
3811
3211
2355
1226
0
-1227
-2356
-3212
-3812
-3970
-3812
