0
-64
-64
-64
256
512
1088
1280
1664
1600
1600
1152
896
320
-320
-832
-1472
-1792
-2112
-2048
-2048
-1664
-1280
-704
-128
448
1088
1280
1664
1600
1600
1152
896
320
-320
-832
-1472
-1792
-2112
-2048
-2048
-1664
-1280
-704
-128
448
1088
1280
1728
1664
1664
1216
1024
384
-256
-768
-1408
-1792
-2112
-2048
-2048
-1664
-1280
-704
-128
448
1088
1280
1728
1664
1664
1216
960
320
-320
-832
-1472
-1792
-2112
-2048
-2048
-1664
-1280
-704
-128
448
1088
1280
1664
1600
1600
1152
896
320
-256
-768
-1344
-1664
-1984
-1984
-2048
-1728
-1408
-832
-256
384
960
1216
1600
1536
1536
1152
896
320
-320
-832
-1472
-1792
-2176
-2112
-2176
-1792
-1408
-768
-256
384
1024
1216
1664
1664
1728
1280
1024
384
-192
-768
-1344
-1664
-1984
-1984
-2048
-1728
-1344
-768
-192
448
1088
1280
1664
1600
1600
1152
960
384
-256
-768
-1408
-1792
-2176
-2112
-2112
-1728
-1344
-704
-192
384
1024
1216
1664
1664
1728
1280
1024
384
-256
-832
-1408
-1728
-2048
-1984
-1984
-1664
-1280
-704
-128
448
1024
1216
1600
1536
1600
1216
1024
448
-192
-768
-1344
-1728
-2112
-2048
-2048
